##TEST 

k <- 1+1
2*4
jjj